Adiac: 0.6956521739130435
Beef: 0.8
Car: 0.7333333333333333
CBF: 0.9577777777777777
Coffee: 1.0
DiatomSizeReduction: 0.9313725490196079
ECG200: 0.88
ECGFiveDays: 0.9210220673635308
FaceFour: 0.8522727272727273
GunPoint: 0.9466666666666667
Lightning2: 0.7704918032786885
Lightning7: 0.7534246575342466
MedicalImages: 0.7328947368421053
MoteStrain: 0.8857827476038339
OliveOil: 0.8666666666666667
SonyAIBORobotSurface1: 0.7970049916805324
SonyAIBORobotSurface2: 0.8247639034627492
SyntheticControl: 0.9833333333333333
Trace: 0.92
TwoPatterns: 0.93925